*********Algorithm Analysis*********

T(2N)/T(N)    Bubble Selection Insertion     Merge     Shell     Radix
            5.333333  5.000000  3.250000 16.500000  1.310345  1.129870
            2.875000  3.133333  2.153846  3.242424  1.447368  1.229885
            4.108696  3.212766  3.250000  2.607477  2.581818  1.373832
            3.111111  3.337748  2.483516  2.405018  1.852113  1.544218
            5.030612  3.587302  4.411504  2.311475  2.813688  1.704846
            3.651454  3.730642  3.283852  2.258543  2.628378  1.826873
            4.187390  3.831134  3.990837  2.224094  2.564010  1.905233
            4.003051  3.908130  3.887724  2.199333  2.504913  1.950260
            3.991483  3.950411  3.933559  2.180274  2.302594  1.974496
            4.030478  3.973358  4.044757  2.164913  2.350577  1.987083
