
  3308
  3308
Num statements: 2

  3452  1734
  1734  3452
Num statements: 33

  9926  1233   621  6654
   621  1233  6654  9926
Num statements: 107

  3802  9483  3327  1517  9329  9227  2155  4200
  1517  2155  3327  3802  4200  9227  9329  9483
Num statements: 279

  9289  1133  4460  6025  5922  9899  7017  3682    57  4142
  9986  2879  9610  2902  2585  8427
    57  1133  2585  2879  2902  3682  4142  4460  5922  6025
  7017  8427  9289  9610  9899  9986
Num statements: 671

  6369  5308  5860  1494  1554   998   160  4709   747  8123
  3352  1578  2518  6695  2277  2406  9219  4113  3496  3804
  8085  2140  3671  3992  2203  1275  2244  3728  5202  3320
  1236  5082
   160   747   998  1236  1275  1494  1554  1578  2140  2203
  2244  2277  2406  2518  3320  3352  3496  3671  3728  3804
  3992  4113  4709  5082  5202  5308  5860  6369  6695  8085
  8123  9219
Num statements: 1551

  3946   838  1406  7886    54  3237  2562  1613  9896  2198
  6461  3138  2796  2609  4714  8583  6035  6803  1226  9260
  1923  2299  6488   964  7213  6807  5558  2640  3360    75
   924  5088  9132  2690   979  2599  1321  5063  4684  9454
  4872   726  6566  9884  8363  2703  7056  8148  8913  8171
  7243  5199  5060  6322  9220  1533  9703  2316  6161  5270
   394  1350  1450  2325
    54    75   394   726   838   924   964   979  1226  1321
  1350  1406  1450  1533  1613  1923  2198  2299  2316  2325
  2562  2599  2609  2640  2690  2703  2796  3138  3237  3360
  3946  4684  4714  4872  5060  5063  5088  5199  5270  5558
  6035  6161  6322  6461  6488  6566  6803  6807  7056  7213
  7243  7886  8148  8171  8363  8583  8913  9132  9220  9260
  9454  9703  9884  9896
Num statements: 3503

   176   472  5642   631  8547  9556  4405  2785  1286  7842
  2220   512  9178   378  5151  6212   709  1233  1315  3280
  6257  9959  3876  9563  6273  1728   460  1658  8217  2371
  7477  7602    78  8911  6636   297  4988  6836  3398  4780
  6727  7265  7687  2566  6339  1610  8640  2048  9032  7964
   617  1236  1568  2164  6256  5846  7203  4092  6736  9621
  4342  1560  3622  4190  5519   625  1536  7682  5035   223
  1591  6617  6932  3372  8030  4135  1005    38  8187  4622
  5168  1622  6965  9045  5419  3391  5951   871  4757  3576
  3445  4750  6343  3310  1060  6753  7929  3348   863  2188
   378  4540  2703  5328  5157   123  9562  9386  5472  1880
  2711  9832  9623  8885  1281  5530  2296  2833  8042  9285
   416  6700  8146  1485   166  1821  4760  9652
    38    78   123   166   176   223   297   378   378   416
   460   472   512   617   625   631   709   863   871  1005
  1060  1233  1236  1281  1286  1315  1485  1536  1560  1568
  1591  1610  1622  1658  1728  1821  1880  2048  2164  2188
  2220  2296  2371  2566  2703  2711  2785  2833  3280  3310
  3348  3372  3391  3398  3445  3576  3622  3876  4092  4135
  4190  4342  4405  4540  4622  4750  4757  4760  4780  4988
  5035  5151  5157  5168  5328  5419  5472  5519  5530  5642
  5846  5951  6212  6256  6257  6273  6339  6343  6617  6636
  6700  6727  6736  6753  6836  6932  6965  7203  7265  7477
  7602  7682  7687  7842  7929  7964  8030  8042  8146  8187
  8217  8547  8640  8885  8911  9032  9045  9178  9285  9386
  9556  9562  9563  9621  9623  9652  9832  9959
Num statements: 7791

  6886  7169  2544  2062  1073  6117  5942   408  1106  9366
  2162  7496  1028  8246  7693   502  2115  6018   194    59
  2289  3953  8632  2664  2106   640  4112  2043  9049  1724
  2410  1406  9484  7296   844   561  7238    16  4309  3817
  3699  8068  5887   952  8401    57  1332  6382  4350  7172
  4979  5312  8316   649   386  7817  1436  6619   950  1951
  1834  4693  5489  5767  9269  4056  8507  7019  1826  7270
  7364  6139  2769  2782  3737  3858    80  6969  1157  4154
  8942  8853  3242  4514  3363  6623  8688  4639   303  4823
  1212    49  8496  5598  4805  5112  3463  2899  4612  8550
  6157  5951  7386  7655  8434   717  2279  9790  4151  4606
  7415  7426  3261  5451  1071  1433  1549  8780  1017  1027
  5977  6714  6556  8490  8002  3584  8352  4280  6812  1623
  8416  8346  6079  7330   448  5572  1728  1431  3793  1173
  7071    95  6915  6732  1122   943  3659  8683  4290  5528
  2037  1803  3252  7181  4348  7201  3226  3763  6215  9503
  2203  8685  6582   142  1345  4184  3646  9562   129  9604
  2432   974  5361  2069  7489  2306    21  2729  3605  1122
  8602  6779  1278   417  3366   695  8292  2190  9871  5519
  3973  9478  4508  2125  4879   986  6233   794  5098   690
  8639  2270  6988  5473  1139  7897  5224  1307  4974  9489
  8151  5221  1565  8413  5449  8316  4009  2386  5037     9
  3705  4203   991  9828  3351  2335  2018  1238  3393  2942
  6719  6947  3169  4347  6428  4263  1055  3681 10000  2288
  4676  6095  1942  5229  8627  7813  6129  2805  2084  4196
   335  7755  3328  6673  2128   337
     9    16    21    49    57    59    80    95   129   142
   194   303   335   337   386   408   417   448   502   561
   640   649   690   695   717   794   844   943   950   952
   974   986   991  1017  1027  1028  1055  1071  1073  1106
  1122  1122  1139  1157  1173  1212  1238  1278  1307  1332
  1345  1406  1431  1433  1436  1549  1565  1623  1724  1728
  1803  1826  1834  1942  1951  2018  2037  2043  2062  2069
  2084  2106  2115  2125  2128  2162  2190  2203  2270  2279
  2288  2289  2306  2335  2386  2410  2432  2544  2664  2729
  2769  2782  2805  2899  2942  3169  3226  3242  3252  3261
  3328  3351  3363  3366  3393  3463  3584  3605  3646  3659
  3681  3699  3705  3737  3763  3793  3817  3858  3953  3973
  4009  4056  4112  4151  4154  4184  4196  4203  4263  4280
  4290  4309  4347  4348  4350  4508  4514  4606  4612  4639
  4676  4693  4805  4823  4879  4974  4979  5037  5098  5112
  5221  5224  5229  5312  5361  5449  5451  5473  5489  5519
  5528  5572  5598  5767  5887  5942  5951  5977  6018  6079
  6095  6117  6129  6139  6157  6215  6233  6382  6428  6556
  6582  6619  6623  6673  6714  6719  6732  6779  6812  6886
  6915  6947  6969  6988  7019  7071  7169  7172  7181  7201
  7238  7270  7296  7330  7364  7386  7415  7426  7489  7496
  7655  7693  7755  7813  7817  7897  8002  8068  8151  8246
  8292  8316  8316  8346  8352  8401  8413  8416  8434  8490
  8496  8507  8550  8602  8627  8632  8639  8683  8685  8688
  8780  8853  8942  9049  9269  9366  9478  9484  9489  9503
  9562  9604  9790  9828  9871 10000
Num statements: 17135

  2036  7594  1352  9035  1071  6844  8675  6021  8846  5877
  1593  7479  1195  1493  7187  9032  4274  9770  4269  8705
  8068  3868  4843  1955  3710  1494   113  8603  2940  8519
  1566  3253  4779  6840   873  8592  2045  1294  6623  5296
    16  6482   731  5801  6641  3215  1479  6715   893    91
  1825   985  5464  4202  9682  6926  4225  3696   475  6274
  2342  4070  3441  9449  8852   287  3212  4669  2994  2746
  8314   781   238  6442  6729  3222   840  1157   292   209
  8110  1754  8717  9021  7527  2407  6988  6879  2644  3642
  3863  7799  8628  1926  6755  5028  9671  7112  8409  5338
  7893  1930  4221  6483  5056  8391  5419  7045  5607  9136
  4835  1315  5949  1807   919  2006  1033  9115  6897  2365
  2735  6523  2891  5218    31  3886   457  7487  4636   538
  3913  1984  3552  6612  1375  2267   926  7312  6202  7886
  7288  5240  2875  1528  1954   722  1815  5211  8359  5389
  5035  3632  1946  2653   351  4955  2079  8792  4526  9552
  7596  4447  1812   998  5146  2225  9529  8764  6288  6076
  6958  4138  3362   757  4901   968  9046   250  4966  9988
  9175  2103  6351  7856  6941  4694   908  5675  3133  5914
  1031  9809  4381  5069  6066   389  7915  1240  4994  9694
  8798  9908  1902   271  8605  4015  5193  7756  7663  1105
   268  5466  4291   559  1287  6374  9136   431  3865  2121
  2687  1565  6463  2074  4504   990  3577  5940  9931  4867
   643  4009  5329  1920  8195  1304  8929  6541  1822  1403
  1926   813  3328  1316  1809  6334  8539   217  8092  8304
  5935  2349  4767   793  4940  9857  2230  1448  5892  3979
  2098   280  6532  7590  9199   344  2100  5562  2006  1369
  1117  8349   708  9255  1627  3290   971  6507  6131   113
   887   800  1238  2192  1764  4614  7766  2528  2734  8035
  6425  6914   920  8928  4812   476   177   227    58  4687
  2180   265  7661  4731  6560  6967    52   453  2775  4128
  2038   951  5514  1065  1301  6329  1669  8315  5574  7455
  3175  1929  6001  7698  1269   995  5892  2404    16  7274
  8684  5326  1091  2038  2599   844  8481  4068  5364  6876
  2127  3747  9100  4546  4718   129  3989  4448  7004  3153
  7252  3396  2699  2193  2851  2594  7010  2633  1203    36
  2450  5078   932  8511  7676  3159  2562  6680  7457  1335
  1730  8247  1226  8653  4574  9643  4921  8609  5645  2317
  4192  1888  2711  8809  4129  1314  9847  2875  1445  4265
  7666  6966  9360  6813  2695  4747  4773  9910   743  9160
   919  9129  6263  2495  3408  3638  3348  1912  1765  5009
  1718  9017  6953  8784   120  9077  2272   293    39  4195
  2407  5053  8760   945   147   775  1743  3385  2519  1769
  1358  2131  1051  2928  2411  1930  3769  2230  7493  9491
  5640  7417  2296  4171  1839  4073  6974  6513  2850  6322
  2808  4452   561  2891  1758  4958  5122  3150  3252  9857
  9419  2489  8574  3601  5412  6100  3797  8339  1309  3925
  8410  1907  5084  4576   410  7948  1002  9491   722  7588
  9102  1713  3253  7622  4937  4412  6652  7844  2116  9704
  2573  1836  1271  1790  1424  4042  1852  1599  8685  2351
  2324  2490  5754  5617  6152  7584  8196  6595  4962  5509
  8140  4006
    16    16    31    36    39    52    58    91   113   113
   120   129   147   177   209   217   227   238   250   265
   268   271   280   287   292   293   344   351   389   410
   431   453   457   475   476   538   559   561   643   708
   722   722   731   743   757   775   781   793   800   813
   840   844   873   887   893   908   919   919   920   926
   932   945   951   968   971   985   990   995   998  1002
  1031  1033  1051  1065  1071  1091  1105  1117  1157  1195
  1203  1226  1238  1240  1269  1271  1287  1294  1301  1304
  1309  1314  1315  1316  1335  1352  1358  1369  1375  1403
  1424  1445  1448  1479  1493  1494  1528  1565  1566  1593
  1599  1627  1669  1713  1718  1730  1743  1754  1758  1764
  1765  1769  1790  1807  1809  1812  1815  1822  1825  1836
  1839  1852  1888  1902  1907  1912  1920  1926  1926  1929
  1930  1930  1946  1954  1955  1984  2006  2006  2036  2038
  2038  2045  2074  2079  2098  2100  2103  2116  2121  2127
  2131  2180  2192  2193  2225  2230  2230  2267  2272  2296
  2317  2324  2342  2349  2351  2365  2404  2407  2407  2411
  2450  2489  2490  2495  2519  2528  2562  2573  2594  2599
  2633  2644  2653  2687  2695  2699  2711  2734  2735  2746
  2775  2808  2850  2851  2875  2875  2891  2891  2928  2940
  2994  3133  3150  3153  3159  3175  3212  3215  3222  3252
  3253  3253  3290  3328  3348  3362  3385  3396  3408  3441
  3552  3577  3601  3632  3638  3642  3696  3710  3747  3769
  3797  3863  3865  3868  3886  3913  3925  3979  3989  4006
  4009  4015  4042  4068  4070  4073  4128  4129  4138  4171
  4192  4195  4202  4221  4225  4265  4269  4274  4291  4381
  4412  4447  4448  4452  4504  4526  4546  4574  4576  4614
  4636  4669  4687  4694  4718  4731  4747  4767  4773  4779
  4812  4835  4843  4867  4901  4921  4937  4940  4955  4958
  4962  4966  4994  5009  5028  5035  5053  5056  5069  5078
  5084  5122  5146  5193  5211  5218  5240  5296  5326  5329
  5338  5364  5389  5412  5419  5464  5466  5509  5514  5562
  5574  5607  5617  5640  5645  5675  5754  5801  5877  5892
  5892  5914  5935  5940  5949  6001  6021  6066  6076  6100
  6131  6152  6202  6263  6274  6288  6322  6329  6334  6351
  6374  6425  6442  6463  6482  6483  6507  6513  6523  6532
  6541  6560  6595  6612  6623  6641  6652  6680  6715  6729
  6755  6813  6840  6844  6876  6879  6897  6914  6926  6941
  6953  6958  6966  6967  6974  6988  7004  7010  7045  7112
  7187  7252  7274  7288  7312  7417  7455  7457  7479  7487
  7493  7527  7584  7588  7590  7594  7596  7622  7661  7663
  7666  7676  7698  7756  7766  7799  7844  7856  7886  7893
  7915  7948  8035  8068  8092  8110  8140  8195  8196  8247
  8304  8314  8315  8339  8349  8359  8391  8409  8410  8481
  8511  8519  8539  8574  8592  8603  8605  8609  8628  8653
  8675  8684  8685  8705  8717  8760  8764  8784  8792  8798
  8809  8846  8852  8928  8929  9017  9021  9032  9035  9046
  9077  9100  9102  9115  9129  9136  9136  9160  9175  9199
  9255  9360  9419  9449  9491  9491  9529  9552  9643  9671
  9682  9694  9704  9770  9809  9847  9857  9857  9908  9910
  9931  9988
Num statements: 37359

  7948  2825  1108   991  7401  7752  9993  3675  2643  6863
  4163  8609  9477  3664  4427  8087  4666  5799  5517   680
  8710  3198  7438  6772  5812  2655  5199  4136  5999  4104
  1491  3327  8292  2211  2445  2393  7111  9782  9358  3452
  1894  7865  2654  1704  1036  5302   360  7295  1831  9126
  1835  9509  5195  7289   701  1220  5783  5590  8371   675
   297  5988  9599  1112  2718  4775  1817   204  1597  6112
   578  2334  2581  2142  4548  7034  3011   938  5790   155
   537  5426  8127  2174  2107  4739  2736  6202  4235  8380
  2071  4093  1336   609  4009  4312  3027  2237  2880  6110
  3986  6620   510  5177  8328   408  9296  2750   836  5234
  5542  7618  2729  5364  6754  1484  2606  7028  7295  1420
  3015  7067  2532  1117   964  8918  5593  9576  5769  2509
  6697   649  7470  4387  7033   997  4743  9566  5448  5852
     6  5431   999  9260  4031   259  1947  4630  7149  4371
  1921  7973  1491  5577   625  3484  8326   605  3478  4942
  8409  7551  8973  3828  5305  6765  4588  8507  9418  3335
  1733  8349  8849  3665  1802  7121  3747  6553  6419  8277
    94  1258  9647  9418  7175  2959  2935  1776  3700  4092
  5049   916  7627  9978  5587  7272  4651  7074   334   578
  8089  3324  8750  8327  8525  4648  3079   170  1470   268
  3682   703   331  2607  7296  3477  5100  6149  2382  1587
  1896  9308  1481   466  2088   295  1524  3148  4428  5673
  7992  2547  4012  9029    44  9957  8562  6291  9285  1534
  2166  8085  5727  7966  5114  3147  2717  7565  3976  8899
  2061  4589  8856  4917  2207  9647  9670  3054  1944  1400
  1924   588  9538  3909  9659  9530  5494  5180  5784  5243
   365  9573  1093  3500   883  9433  1765   805  2013  3258
  1732  8385  9708  8532   590  1087   451  2515  1935  8999
  2182  3588  2795  2417  5203  1088  5647  9026  7925  6486
  2615  2424    54  5736  4417  3433   421  7785  5970  5015
  7849  1829  5513  1366  4933  6178  5937  1185   460    54
  2426  5690  3910   745  7225  4961  4548  7436  2878  9606
  4800  2442  9847  1954   345  5006  7524  4387   254  6245
   715  6711  5608  1477  8909  9724  3053  3598  9336  8388
  7507  4640  1134  8574  1745  8286  6534  7987  2620  3234
  3170  2943  8225  9392  5569  4993  4253  5455  5013   756
  8165  1349   119  2798     3  4562  7497   457  8495  5713
  8061  9073  2351  1114  4501  8221  2175  3868  6570  8305
  2724  8457   321  1363  7709  2529   699  5900  1355   388
  3468  3746  2115   178  2830  1684  1234  5909   534  8454
  3089  2450  9447  5581  2312  8476  6486   317  1863  3993
  7086  8689  1955  7241  1813  2314  7406  4820  4526  6077
  6715    35   384   758  4704  3123  5864   513   524  1733
  2027  5418   539  9817  6430    67  2968  2652  9193   135
  9346  2943  5128   652  3970  3419  2644  7294  8876  2545
  6403   122  6420  1559   779  6008   403  3888  1837   701
  5658   714  4127  6479   262  4367   314   650  6453  9268
  6710   834  3336  3846   578  2746  2377  4981  8728  3989
  5550  9761  8512  1372   351   741  3348  8831  9397  6721
   661  9631  9907  2925  2044  6347  8010  3194  9699  5881
  7623   875  5109  6232  4416  4836  1682  8419   111  2386
  5192  2441  3805  2139  1407   203  3875  4135   467  9221
  8205  9183   616   656  7568  3669  6361  7623  2478  9476
  6017  9657  5127  4186  4142  6959   578  7363  1218  6463
  5596  4711  9148  2272  9120  4823  2934   190  1689  6916
  2032  3984  3524  9377    46  4168  3961  6874  2414  2491
  8698  4165  1836  3538  4173  5607  2777  8768  7223  8954
  5865  8869  3818  9038  1388  3762  7152   110  9311  9182
  1208  3957  1620   585  9457  5952  5663  6527   965  8933
  1987  1023   184  7060  1484  3356  2688  8477  9198  8067
  1623  4914  2366   830  8014  8302  4687  9545  8197  9767
  6817   996  9177  4288  9253  6072  1981  9170  4243    61
   412  3164  6079  1178  9549   201  3194  3679  5161   289
  3573  8080  3993  9394  1995   115  9683  3440  8271  4604
  9958  4410  4564  8182  2291  2175  9708  8149  1712  8769
  5395  6905  8999  7050  4909  7734  1284    12  2492   578
  1567  3773  6982  2687  3654  8786  5463  7689  4111  4011
   580  1810  9244  2432    32   333  6575  7738  8673  4103
  4977  3333  1557  9628  3374   532  5138  1657  5587  5158
  3275  8862  1211   280  5258  5351  7333  8331  2474  7723
  7610  2039  2036  6388  1342  1072   765  4704  9077  9095
  6589  9111  4440  4757   771  5070  3976  2180  5415  5196
  1762   382  6736  2075  3348  3626   679  2961  1935  6579
  6636  6960  7517  6476  3976  1450  2341  5346  4371  1129
  5100  2992   342   701  2942  5481  6675  6039  5038  5793
  8068  4023  6522   972  2434  2497  9331  1788  1975  9221
  3467  9861  6085  2575  2192  7667  2488  9692  9576   814
  6826  2638  8205  8637   502  1521  7963  1257   207  6847
  9047  9331  4641  8929  1219  8297  2760  3912  3231  6901
  9856   187   882  7814    93  3249  5482  8419   108  7233
  6720  6349  9706  1000  8511  2164  5155  2107  1622  2845
  7901  6078  9516   451  1431  7524  7380  1500   172  1607
  5681  9101  1484  8107  2236  6160  7996  1934  3332  8468
  5821  4243  2084  6902  1883  9487  4395  1103  3303  2579
  3448  5390  4663  5515   981  5432  5644  3606  1174  3037
  2725  4072  2801  4381  3234  9276  8528  5626  9195  2014
  1637  4479   593  1544  6925  5201  5061   107  2489   982
  5929   944   377  6276  5460  8447  1769  1322  6474  5024
  7872  1445  6842  9601  4502  1196  7929   647  2631  8556
  1456  6680  5622    43  1842  5081  4371    55  4849  3603
  8751  3183   465   331  3984  8965  2556  6898  5696  1026
  9559   282  8459   266   709  6923  4489  7698  7611  5988
  2056  9535  8148  5094  3230  5680  3430  5917  4957  5279
  5845  7760  9096  1556  6326  6220   485   235  4887  9932
  3140  7143  9757   236  3023  9127  9181  9037  4721   663
  6303  5259  4492  1994  7168  2382  1734  6071  1207  1934
  1092  3538  9322   794  8762  9644  6610  9211  3505  7405
   381  4276  2730  4737  1138   861  4595  3729  8874  7681
  2647  4868  1709  5236  2266  2677   314  5177  3894  8359
   236  9970  8127   806  1081  2425  1246  2384  3628  7792
  4076  8340   870  3700  1357   265  9760  3255  2543  4786
  7540  3325  7811  3712
     3     6    12    32    35    43    44    46    54    54
    55    61    67    93    94   107   108   110   111   115
   119   122   135   155   170   172   178   184   187   190
   201   203   204   207   235   236   236   254   259   262
   265   266   268   280   282   289   295   297   314   314
   317   321   331   331   333   334   342   345   351   360
   365   377   381   382   384   388   403   408   412   421
   451   451   457   460   465   466   467   485   502   510
   513   524   532   534   537   539   578   578   578   578
   578   580   585   588   590   593   605   609   616   625
   647   649   650   652   656   661   663   675   679   680
   699   701   701   701   703   709   714   715   741   745
   756   758   765   771   779   794   805   806   814   830
   834   836   861   870   875   882   883   916   938   944
   964   965   972   981   982   991   996   997   999  1000
  1023  1026  1036  1072  1081  1087  1088  1092  1093  1103
  1108  1112  1114  1117  1129  1134  1138  1174  1178  1185
  1196  1207  1208  1211  1218  1219  1220  1234  1246  1257
  1258  1284  1322  1336  1342  1349  1355  1357  1363  1366
  1372  1388  1400  1407  1420  1431  1445  1450  1456  1470
  1477  1481  1484  1484  1484  1491  1491  1500  1521  1524
  1534  1544  1556  1557  1559  1567  1587  1597  1607  1620
  1622  1623  1637  1657  1682  1684  1689  1704  1709  1712
  1732  1733  1733  1734  1745  1762  1765  1769  1776  1788
  1802  1810  1813  1817  1829  1831  1835  1836  1837  1842
  1863  1883  1894  1896  1921  1924  1934  1934  1935  1935
  1944  1947  1954  1955  1975  1981  1987  1994  1995  2013
  2014  2027  2032  2036  2039  2044  2056  2061  2071  2075
  2084  2088  2107  2107  2115  2139  2142  2164  2166  2174
  2175  2175  2180  2182  2192  2207  2211  2236  2237  2266
  2272  2291  2312  2314  2334  2341  2351  2366  2377  2382
  2382  2384  2386  2393  2414  2417  2424  2425  2426  2432
  2434  2441  2442  2445  2450  2474  2478  2488  2489  2491
  2492  2497  2509  2515  2529  2532  2543  2545  2547  2556
  2575  2579  2581  2606  2607  2615  2620  2631  2638  2643
  2644  2647  2652  2654  2655  2677  2687  2688  2717  2718
  2724  2725  2729  2730  2736  2746  2750  2760  2777  2795
  2798  2801  2825  2830  2845  2878  2880  2925  2934  2935
  2942  2943  2943  2959  2961  2968  2992  3011  3015  3023
  3027  3037  3053  3054  3079  3089  3123  3140  3147  3148
  3164  3170  3183  3194  3194  3198  3230  3231  3234  3234
  3249  3255  3258  3275  3303  3324  3325  3327  3332  3333
  3335  3336  3348  3348  3356  3374  3419  3430  3433  3440
  3448  3452  3467  3468  3477  3478  3484  3500  3505  3524
  3538  3538  3573  3588  3598  3603  3606  3626  3628  3654
  3664  3665  3669  3675  3679  3682  3700  3700  3712  3729
  3746  3747  3762  3773  3805  3818  3828  3846  3868  3875
  3888  3894  3909  3910  3912  3957  3961  3970  3976  3976
  3976  3984  3984  3986  3989  3993  3993  4009  4011  4012
  4023  4031  4072  4076  4092  4093  4103  4104  4111  4127
  4135  4136  4142  4163  4165  4168  4173  4186  4235  4243
  4243  4253  4276  4288  4312  4367  4371  4371  4371  4381
  4387  4387  4395  4410  4416  4417  4427  4428  4440  4479
  4489  4492  4501  4502  4526  4548  4548  4562  4564  4588
  4589  4595  4604  4630  4640  4641  4648  4651  4663  4666
  4687  4704  4704  4711  4721  4737  4739  4743  4757  4775
  4786  4800  4820  4823  4836  4849  4868  4887  4909  4914
  4917  4933  4942  4957  4961  4977  4981  4993  5006  5013
  5015  5024  5038  5049  5061  5070  5081  5094  5100  5100
  5109  5114  5127  5128  5138  5155  5158  5161  5177  5177
  5180  5192  5195  5196  5199  5201  5203  5234  5236  5243
  5258  5259  5279  5302  5305  5346  5351  5364  5390  5395
  5415  5418  5426  5431  5432  5448  5455  5460  5463  5481
  5482  5494  5513  5515  5517  5542  5550  5569  5577  5581
  5587  5587  5590  5593  5596  5607  5608  5622  5626  5644
  5647  5658  5663  5673  5680  5681  5690  5696  5713  5727
  5736  5769  5783  5784  5790  5793  5799  5812  5821  5845
  5852  5864  5865  5881  5900  5909  5917  5929  5937  5952
  5970  5988  5988  5999  6008  6017  6039  6071  6072  6077
  6078  6079  6085  6110  6112  6149  6160  6178  6202  6220
  6232  6245  6276  6291  6303  6326  6347  6349  6361  6388
  6403  6419  6420  6430  6453  6463  6474  6476  6479  6486
  6486  6522  6527  6534  6553  6570  6575  6579  6589  6610
  6620  6636  6675  6680  6697  6710  6711  6715  6720  6721
  6736  6754  6765  6772  6817  6826  6842  6847  6863  6874
  6898  6901  6902  6905  6916  6923  6925  6959  6960  6982
  7028  7033  7034  7050  7060  7067  7074  7086  7111  7121
  7143  7149  7152  7168  7175  7223  7225  7233  7241  7272
  7289  7294  7295  7295  7296  7333  7363  7380  7401  7405
  7406  7436  7438  7470  7497  7507  7517  7524  7524  7540
  7551  7565  7568  7610  7611  7618  7623  7623  7627  7667
  7681  7689  7698  7709  7723  7734  7738  7752  7760  7785
  7792  7811  7814  7849  7865  7872  7901  7925  7929  7948
  7963  7966  7973  7987  7992  7996  8010  8014  8061  8067
  8068  8080  8085  8087  8089  8107  8127  8127  8148  8149
  8165  8182  8197  8205  8205  8221  8225  8271  8277  8286
  8292  8297  8302  8305  8326  8327  8328  8331  8340  8349
  8359  8371  8380  8385  8388  8409  8419  8419  8447  8454
  8457  8459  8468  8476  8477  8495  8507  8511  8512  8525
  8528  8532  8556  8562  8574  8609  8637  8673  8689  8698
  8710  8728  8750  8751  8762  8768  8769  8786  8831  8849
  8856  8862  8869  8874  8876  8899  8909  8918  8929  8933
  8954  8965  8973  8999  8999  9026  9029  9037  9038  9047
  9073  9077  9095  9096  9101  9111  9120  9126  9127  9148
  9170  9177  9181  9182  9183  9193  9195  9198  9211  9221
  9221  9244  9253  9260  9268  9276  9285  9296  9308  9311
  9322  9331  9331  9336  9346  9358  9377  9392  9394  9397
  9418  9418  9433  9447  9457  9476  9477  9487  9509  9516
  9530  9535  9538  9545  9549  9559  9566  9573  9576  9576
  9599  9601  9606  9628  9631  9644  9647  9647  9657  9659
  9670  9683  9692  9699  9706  9708  9708  9724  9757  9760
  9761  9767  9782  9817  9847  9856  9861  9907  9932  9957
  9958  9970  9978  9993
Num statements: 80879

  4660
  4660
Num statements: 2

  9697  3171
  3171  9697
Num statements: 33

  3760  3968   471  8492
   471  3760  3968  8492
Num statements: 107

  7024  8314   441  2035   918   301  9369  3730
   301   441   918  2035  3730  7024  8314  9369
Num statements: 279

   367  5948  2374  6746  3003  1533  3522  8724   892  5928
   758  7640  1246  6188  8597  8494
   367   758   892  1246  1533  2374  3003  3522  5928  5948
  6188  6746  7640  8494  8597  8724
Num statements: 671

  2406  7475  6015  7524  9949  6583  8727   143   175  2293
  3286  4213  3326  6017  1121  6715   429  1146  1017  4634
  5354  3663  3698  9383  6107  1986  8710    19  4349  3788
   650  5040
    19   143   175   429   650  1017  1121  1146  1986  2293
  2406  3286  3326  3663  3698  3788  4213  4349  4634  5040
  5354  6015  6017  6107  6583  6715  7475  7524  8710  8727
  9383  9949
Num statements: 1551

  1785  5345  5394  6502   392  9909  6128   516  3768  8960
  8339   203   863    62   142   679  5983  6890  4181   479
   523  2988  2128  2992  9337  1264  9673  9813  9704  1593
  6744  5498  3028  3429  9921  5872  7048   723  2236  8499
  2724  4515  9030   667  8031  2653  2278  4576  4974   308
   371   802  6517  3052  1908  5687  4205  3850  9879  3750
  5943  1899   950  8611
    62   142   203   308   371   392   479   516   523   667
   679   723   802   863   950  1264  1593  1785  1899  1908
  2128  2236  2278  2653  2724  2988  2992  3028  3052  3429
  3750  3768  3850  4181  4205  4515  4576  4974  5345  5394
  5498  5687  5872  5943  5983  6128  6502  6517  6744  6890
  7048  8031  8339  8499  8611  8960  9030  9337  9673  9704
  9813  9879  9909  9921
Num statements: 3503

   864  1896  8982  1836  8438  1032  9218  6404  2138   166
  4393  2238  7590  8165  2595  4172  7217  7377  5385  2552
  1297  1559  5350   420  8976  7608  5624  8365  2721  8394
  9323  9941   197  1456   328   400   266  9772  9530  6127
  6211  3202   754   284  6093  7902  9836  3125  9937  1848
  6161  2492  2150   374  9518   798  2089   947  1572  3395
   719  9999  6065  8470  6106  1672  1776   773  5867  4503
  9308  7451  9319  1454  8347  4444  8348    96  4729   209
  7765   785  1394  5045  4621  3824  9620  7246  8321  3890
  9683  2848  1641  9794  5663  2767     8  9877  6740   899
  2993  3554  1136  2513  7709  3298  6395   328   186  5444
  4450  6553  9974  4565  6451  7210  5277   398  1152  3612
   927  1470   286  9468  8214  7785  3517  2055
     8    96   166   186   197   209   266   284   286   328
   328   374   398   400   420   719   754   773   785   798
   864   899   927   947  1032  1136  1152  1297  1394  1454
  1456  1470  1559  1572  1641  1672  1776  1836  1848  1896
  2055  2089  2138  2150  2238  2492  2513  2552  2595  2721
  2767  2848  2993  3125  3202  3298  3395  3517  3554  3612
  3824  3890  4172  4393  4444  4450  4503  4565  4621  4729
  5045  5277  5350  5385  5444  5624  5663  5867  6065  6093
  6106  6127  6161  6211  6395  6404  6451  6553  6740  7210
  7217  7246  7377  7451  7590  7608  7709  7765  7785  7902
  8165  8214  8321  8347  8348  8365  8394  8438  8470  8976
  8982  9218  9308  9319  9323  9468  9518  9530  9620  9683
  9772  9794  9836  9877  9937  9941  9974  9999
Num statements: 7791

  6262  6721  8701  5762  1493  8340  9583  8569   573  3190
   793  7814  4000  3265   926  1172   476  4107  1230  3652
  6175  8279  4986  6096  2268  9261  3771  1967  1422   910
  7011  2376  3869  6163  6739  3546  2239  8278  8431  7995
  3440  3363  1967  9983  4901  5344  1463  5436  3358  3643
  1226  6075  1466  9811  2282   482  6576  8921  8899  3328
  1578   264  7209  7656  6468  9939  5535  1170  6054  4174
  5145  5518   318  4897  5940  1419  4562   392  6421  5831
  1813  7949  7535  4919  5255  4266  5113   441  3794  5418
  1727  5272  6178  2176  9927  6945  2340  8634  9831  2595
  8627  6534  9174  6524  8783  3878  9872   978   143  4049
  1534  3966  1976  7882  8549  9360   974  6149  4765   303
   202  1494  6677  2719  7581  4364  4661  7177  9941   607
  9973  4981  5597  2790  9180  3211  9353  9708  9915   715
   899  8883  2827  6569  1856  2073  6564  7309  4774  3051
  7279  8442  7793  5975  8239  3165  8100  1478  2891  4872
  9598  7530  9135  6992  1933  4532  7509  1204  7191   634
  8893  6959   502  1623  7236  2720  6868  5235  5636  8184
  2136  3332  9608  3891  7663  8229  6499  1770  2142  5094
  2546  4440  9047  1620   559  8796  8091  3050  1255   175
  2095  7144  6926  7542   258  1460   913  2154  7069  9855
   957   135  4027  6745  7919   801  5547  8166  1611  7966
  1300  9251  5232  2639  3433  1172  8619  3760  5550  9328
  1196  5987  8506  8575  6966   728  8652  1746  1995  1425
  9922  1733   551    51  5208  4433   363  8446  7358  9012
  2094  2688  2030  9381  2847  1351
    51   135   143   175   202   258   264   303   318   363
   392   441   476   482   502   551   559   573   607   634
   715   728   793   801   899   910   913   926   957   974
   978  1170  1172  1172  1196  1204  1226  1230  1255  1300
  1351  1419  1422  1425  1460  1463  1466  1478  1493  1494
  1534  1578  1611  1620  1623  1727  1733  1746  1770  1813
  1856  1933  1967  1967  1976  1995  2030  2073  2094  2095
  2136  2142  2154  2176  2239  2268  2282  2340  2376  2546
  2595  2639  2688  2719  2720  2790  2827  2847  2891  3050
  3051  3165  3190  3211  3265  3328  3332  3358  3363  3433
  3440  3546  3643  3652  3760  3771  3794  3869  3878  3891
  3966  4000  4027  4049  4107  4174  4266  4364  4433  4440
  4532  4562  4661  4765  4774  4872  4897  4901  4919  4981
  4986  5094  5113  5145  5208  5232  5235  5255  5272  5344
  5418  5436  5518  5535  5547  5550  5597  5636  5762  5831
  5940  5975  5987  6054  6075  6096  6149  6163  6175  6178
  6262  6421  6468  6499  6524  6534  6564  6569  6576  6677
  6721  6739  6745  6868  6926  6945  6959  6966  6992  7011
  7069  7144  7177  7191  7209  7236  7279  7309  7358  7509
  7530  7535  7542  7581  7656  7663  7793  7814  7882  7919
  7949  7966  7995  8091  8100  8166  8184  8229  8239  8278
  8279  8340  8431  8442  8446  8506  8549  8569  8575  8619
  8627  8634  8652  8701  8783  8796  8883  8893  8899  8921
  9012  9047  9135  9174  9180  9251  9261  9328  9353  9360
  9381  9583  9598  9608  9708  9811  9831  9855  9872  9915
  9922  9927  9939  9941  9973  9983
Num statements: 17135

  2540  2258  4989  5062  2351  5740    90  1322  3807  4806
  7566  4589  3502  2762  2296  4971  7532  5517  5274  9091
  1462  8308  4310  8448  3648    70  9299  2841   739   612
  5429  7574   791  4263  4172  6308  9253  9896  1611  3978
  4486  1798   108  3165  3648  4483  5618  2353  9411  5328
  3279  8849  1294  3370   807  4784  2376  8421  1876  9601
  3164  5001  5004  6197  2787  2650  6272  8147  3576  5260
  2486  2412  1673  7749  8809  9231  3418  1045  2207  1018
  9710  2437  6620   723   840  9852  2886  2086  6142  1688
  9608  7344  7760  1531  2810  1691  2232   659  9761  4426
   898  3294  9283  1896  2205  2477   718  1532   931  6281
  1529   768  9990  4820  1883  2082  7883  4914    26  4570
  2187  6343  9575   253  2312  3346  6537  3650  5773  7610
  4871  3267  3353  6856  4394  1126  6493   806  1249  1388
  8099   950  5031  8217  3682  4838  4018  6262  7840  2642
  3693  4340  2391  6635  7225   178    91  1590  3088  2320
  1930  7832  5738  1524  5797  8497  5587    77   655  1942
  3116  2247  2323  7204  2304  8943  7163  2626   811   871
  6078  8518  6262  8619  8809  4586   838  6005  5394  7728
  8582  4766  6632  4500  6562  2023  9647  7698  8150   455
  9915  9031  1861  2901  7563  2428  5998  2568  5912  1632
  2876  2252  4526  3253  7630  6985   906  6606  5990  5359
  6308  6760  8357  8708  7679  1335  4375  4626  1807  5329
  8283  5242  9674  5137  4166  2573  3266   933  1368  6605
  8354  3081  3663  5487   599  1719  8603  1364  4481  8575
  9394  4600  9178  9540  1428  4218  8582  2599  9041  2397
  8508   264  6938   847  9972  2794  4006  1992  2673  5655
  6726  3685  9249  4276  2219  7158  1042  2949  4742  7108
  1047  5220  5056  8824  4140  2158  1563  3719  6422  1406
  3257  2674  8703  9999  1515  7726  5488  3388  8189   622
    47  7530  1296  4330  9068  5833  4888  7050  8086  8438
  5287  6387  6756  1813  8121  7398  9585  9325  8978  7525
  3991   340  8085  5991  7903  1725  3095  5294  1079  8846
  1891  4967   677  6119  7982  5874  7388  8912  1918  4755
  2220  3843  8695  6488  6863  9706  1030  2891  4929  8218
   337  1066  5952  6368  1886  9926  9877  2330   276  4249
   704  1641  7583  1963   875  3445  9976  6310  1192  2450
  5316  3064   492  8978  5404  5354  2336  2492  9053  2143
  3382  5707  1520  2127  1609  1466  1389  5253  9416    94
  2571  8709  4036   324  6107  2817  5208  5693  1383  5982
   409  9766   996  6275  8205  8893  2303  7746  7713   914
  3064   730  3637  2826  4856  3612   443  3690  3384  2556
  2337  8530  1477  5147  4315  1223  1135  7475  2036  5973
  2753  3122  8534   885  2166  7418  1688  7260  9961  6312
  8775  2420  2301   196  3721  4767  7423  6312  6574  1640
  7497  7317  8247  9773  2168  2387   492  3978  3633  4615
   744  9863  2159  5545  4776   214  4864  1030  1060  2981
  6465  4356  2109  3307  7766  1892  4376  6417  9982   605
  3225  4461  1719  7591  2244  8423   110  7140  3391  4310
  1242  4422  1740  4331  5818  1725   214  7169   731  7615
  1930  3586  8046  9229  2776  8718  1594  2068   138  5128
  9742  1985
    26    47    70    77    90    91    94   108   110   138
   178   196   214   214   253   264   276   324   337   340
   409   443   455   492   492   599   605   612   622   655
   659   677   704   718   723   730   731   739   744   768
   791   806   807   811   838   840   847   871   875   885
   898   906   914   931   933   950   996  1018  1030  1030
  1042  1045  1047  1060  1066  1079  1126  1135  1192  1223
  1242  1249  1294  1296  1322  1335  1364  1368  1383  1388
  1389  1406  1428  1462  1466  1477  1515  1520  1524  1529
  1531  1532  1563  1590  1594  1609  1611  1632  1640  1641
  1673  1688  1688  1691  1719  1719  1725  1725  1740  1798
  1807  1813  1861  1876  1883  1886  1891  1892  1896  1918
  1930  1930  1942  1963  1985  1992  2023  2036  2068  2082
  2086  2109  2127  2143  2158  2159  2166  2168  2187  2205
  2207  2219  2220  2232  2244  2247  2252  2258  2296  2301
  2303  2304  2312  2320  2323  2330  2336  2337  2351  2353
  2376  2387  2391  2397  2412  2420  2428  2437  2450  2477
  2486  2492  2540  2556  2568  2571  2573  2599  2626  2642
  2650  2673  2674  2753  2762  2776  2787  2794  2810  2817
  2826  2841  2876  2886  2891  2901  2949  2981  3064  3064
  3081  3088  3095  3116  3122  3164  3165  3225  3253  3257
  3266  3267  3279  3294  3307  3346  3353  3370  3382  3384
  3388  3391  3418  3445  3502  3576  3586  3612  3633  3637
  3648  3648  3650  3663  3682  3685  3690  3693  3719  3721
  3807  3843  3978  3978  3991  4006  4018  4036  4140  4166
  4172  4218  4249  4263  4276  4310  4310  4315  4330  4331
  4340  4356  4375  4376  4394  4422  4426  4461  4481  4483
  4486  4500  4526  4570  4586  4589  4600  4615  4626  4742
  4755  4766  4767  4776  4784  4806  4820  4838  4856  4864
  4871  4888  4914  4929  4967  4971  4989  5001  5004  5031
  5056  5062  5128  5137  5147  5208  5220  5242  5253  5260
  5274  5287  5294  5316  5328  5329  5354  5359  5394  5404
  5429  5487  5488  5517  5545  5587  5618  5655  5693  5707
  5738  5740  5773  5797  5818  5833  5874  5912  5952  5973
  5982  5990  5991  5998  6005  6078  6107  6119  6142  6197
  6262  6262  6272  6275  6281  6308  6308  6310  6312  6312
  6343  6368  6387  6417  6422  6465  6488  6493  6537  6562
  6574  6605  6606  6620  6632  6635  6726  6756  6760  6856
  6863  6938  6985  7050  7108  7140  7158  7163  7169  7204
  7225  7260  7317  7344  7388  7398  7418  7423  7475  7497
  7525  7530  7532  7563  7566  7574  7583  7591  7610  7615
  7630  7679  7698  7713  7726  7728  7746  7749  7760  7766
  7832  7840  7883  7903  7982  8046  8085  8086  8099  8121
  8147  8150  8189  8205  8217  8218  8247  8283  8308  8354
  8357  8421  8423  8438  8448  8497  8508  8518  8530  8534
  8575  8582  8582  8603  8619  8695  8703  8708  8709  8718
  8775  8809  8809  8824  8846  8849  8893  8912  8943  8978
  8978  9031  9041  9053  9068  9091  9178  9229  9231  9249
  9253  9283  9299  9325  9394  9411  9416  9540  9575  9585
  9601  9608  9647  9674  9706  9710  9742  9761  9766  9773
  9852  9863  9877  9896  9915  9926  9961  9972  9976  9982
  9990  9999
Num statements: 37359

  9333  7377  1337  4633  3213  6009  3374  8472  1245  5714
  7826  5816  6455  6040  1928  6948  3337  7246  9775  1949
   930  1835  1226  1709  2179  3269  4288  9546  2104  4108
  8661  9373  5705  3386  7241  1204  3836  8217   320   565
  9694  4999  6689  9220  1810  5814  3442  9927  7273  6486
  3765  4775  6787  1878  7900  9386  4660  5960  8114  3583
  8554  7334  9613  2969  7790  1570  8686  1568  2281   434
   219  5492   713  2283  2896  8259  1285  6941  1457  8957
  2557  1472  1139  1111  2645  7565   252  3277  6435  5264
  3703  3243  5399  1868  2988  9165  8443  4320  2224  3189
   507  7737  9865  2141  7527  8232  2645  3598  2151  6869
  4588  4688  1598  7636  9330  9171  6513  9671  8609  3982
  1130  4036    55  8021  5736  2777  7324  1168  5161  9037
     7   570  4267  6600  1425  5592  9696  4054  2202  4635
  4400  7207  2362  1190  9747  5419  2443  1444  6351  8669
   821  7220  7006   141  6234  1687  1988  9282  8676  2844
  5616  9200  7019  4185  2033  5958   123  4972  1419  2571
   661  9506  7353  4795  9061  9353  1461  8572  1876  9153
  2214  3654  1183  3833  9737  7522  8600  3975  4836  4769
  6780  7639  6583  4369  1076  6008  4372  6140  9327    66
  7072  3313  9952  9549   282  5095  9876  5183  1371  6927
  4631  5028  4111  4490  2135  9779  2403  7899  4649  8894
  5983  5085   587  6890  7783  1880  5594  6752  1804  9937
  1621  3011  5672  2959   370  8674  7322  8805  7519  5345
  1518  8093  5003  7763  1377  4129  1942   603  9956  6304
  4710  9188  5390  4703  5499  4284  8039  2382  6822  3096
  4178  4301  4341  1061  3643   430  9506  8459  2562  2476
  8382  3318  3046  2989  8424  7560  8837  3524  1474  8041
  4755  3850  1941  3568  9577  6094  8899  1399  9120  9834
  3838  1530  9598  5880  8504  6592  2048   725   554  4750
  6649  3429  5305  6008  7274  8615   389  3353  5107  2250
  1892  7876  6568  2192  6799  5020   551  3122  4619  9393
  1897  5972  8555  6204  1655  5483  1572  7102  6592  2156
  5073  7668  8488  7607  3112  4365  5698  9747  1996  8350
  9826  7883  2500  6550  2572   762   877  2494  6881  3811
  8475  2852   187  1381  5718  8312  3270  3613  5762  2437
   386  3580  9151   532   774   650  3075  2766  6152  1706
  4404  8961   890  1088   123    85  9047  5073  5829  9215
  9854  1418  7196   406  4142  1652  8437  7780  2851   470
  4203  3102  1183  4395    12  8168  1692  2358  8450   707
  2177  1427  1605  3097  2756  3296  2495  2394  5216  3948
  1681  1607    87  7822  5028  4111  2393  1225  4354  3273
  2597  2111  4773  3649  4142  7316  2176  6902  3218  4996
  3405  1732  3656  2551  5959   173  2600  1795  2106  2509
  4944  9523   215  3134  6451  7368  4364  5609  9908  2317
  5011  2190  5732  8127  1802  4822  1832  1132  8531  9031
  3887  4987  9629  8344  6179  8637  2659  1110  4157  1874
  7890  4582  6734  6175  9889  3227  6075  1326  7884  1658
  9064  3223  9250  3437  3737  1198  8833  6949  1461  2413
  4797  1123  7724  2915  2488  4329  4442  2717  1423    28
  2188  7444  5233  5116  3731  5431  6454  7288  9879  7898
  6413  9676  2413    15  8742  4652  1884  9237  3089  9941
  2108  8270  3991  5714  4240  4597  1032  2429   550  1135
  8644  8086  9709  2113  8734  5737  6486  8291  5725  7755
  9806  9444  5525  1125  4378  2078  7991  2212  3700  4315
  6548  9904  3030  4663  3031  9611  7812  7240  4595  3901
  6783  1852  5242  9646  3527  9186  2209  5955   192  1836
  4656   269  3288   786  4478  8126  6792  2107  2636  6765
  6506  8200  4865  4220   890  2561  3366    56  9999  4980
   659  8960  4524  2299  7738  3338  1474  6126  5921  4867
   217  1993  7494  4742  7086  8142  7279   686  6127  8878
    79  2159  3109  4052  8448  9234  4225  1779  4813  6863
  8922  8882  8686  4640  2566  1524  5482  6531  6871  7325
  4888  9457  3800  6930  4087  9821  6216   192  8847  1167
  9030  3407  4391  3745  8414   264  5849  2569  8978  9909
  7250  7513  9261  2473  7358  3091  2644  6352  3428  5329
  9598  6871  2269  1828  5589  3663  7115   124  1182  7006
  8856  1511  1253  1095  8636  1149  4508  6619  3140  8043
  8502  5088  6159  6526  5647   673  1802  4355  2831  6918
  2126  4572   558  5781  8744  6438  2106  6985  7626  7305
  9046  1122   657  4319  1493  6813  2550  9961  2808  2598
  2841  3518   789  1531  9850  7157  2041  8099  9130  3590
  4142  6670  3890   604  6144  1998  1441  5629  5580  7767
  1196  6221  7899  2003  2354  4543  7550  7050   398  4510
  5754  1840  3920   283  8470  6766  2237  1400  7890  6294
  2902  2773  2234  9601   471  1272  2075  7627  8401  1330
  4582  7426  1770  3232  4083  3274  2962  2255   167  6069
  2042   628  4041  7681  4561  1978  4353  6098  4527  7213
  9203  3730   357    71  1867  3014  5380  7625  6792  4467
  7950  8893  5086  7920  8890  3433  7734  8254  3483  2647
  1961  4214  2947  2882  9390  3153  2164  1827  3120   910
  9064  9597  7475  8575  9025   470  3512  1989   499  4983
  2527  1246  9329  4950  6012  4523  9397  6194  4477  4423
  6900  3262   188  9605  1410  4578  4544  2681   577  3710
  4088   362  8256  9520   763  7622  9042  4072  6745  3223
   539  2938  5303  6388   994  5092  2617  8587  1268  4081
  9264  8957  4342  2301  2278  3675  8557  3290  3272  3152
  5633  3858  9524  9694  4575  3918  2610  8430  3598  8870
  4088  5650  3044  1514  2168  2478  3386  1728  5869  6470
  9773  3935  9766  3193  9991  4780  4770  1167  8349  2563
  5901  5614  6842  3624   794  4691  1629  3998  7585  1648
  6798  7976  4394  7057  1158  2238  2891  6259   623  2387
   303   614  5786  1332   216  3698   640  6371  2678   137
  7579  4677  2712  8044  5702  9480  9442  4448  7554  2473
  6816  5922  9194  1318  2234  5769  2553  6447  6568  9707
  6043  2482  1704  9539  5777  7816   334  5665  6137  5098
  1819  9186  8638  3415  3313  8113   155   250  6117  8606
  1622  8024  6918  4062  8858  7783  8510  7892  4341   374
  3318  6191  7732  4248  6655  4003  3516  1970  9166  1212
  1707  1336   952  7457  3981  1299  5567   421   131  2646
  9947   116   401   833  1068   268  2007  4773  9838  8377
  2627    56  8750  6006  1924  8876   221  9152  1138  8348
  8483   461  2860  6118
     7    12    15    28    55    56    56    66    71    79
    85    87   116   123   123   124   131   137   141   155
   167   173   187   188   192   192   215   216   217   219
   221   250   252   264   268   269   282   283   303   320
   334   357   362   370   374   386   389   398   401   406
   421   430   434   461   470   470   471   499   507   532
   539   550   551   554   558   565   570   577   587   603
   604   614   623   628   640   650   657   659   661   673
   686   707   713   725   762   763   774   786   789   794
   821   833   877   890   890   910   930   952   994  1032
  1061  1068  1076  1088  1095  1110  1111  1122  1123  1125
  1130  1132  1135  1138  1139  1149  1158  1167  1167  1168
  1182  1183  1183  1190  1196  1198  1204  1212  1225  1226
  1245  1246  1253  1268  1272  1285  1299  1318  1326  1330
  1332  1336  1337  1371  1377  1381  1399  1400  1410  1418
  1419  1423  1425  1427  1441  1444  1457  1461  1461  1472
  1474  1474  1493  1511  1514  1518  1524  1530  1531  1568
  1570  1572  1598  1605  1607  1621  1622  1629  1648  1652
  1655  1658  1681  1687  1692  1704  1706  1707  1709  1728
  1732  1770  1779  1795  1802  1802  1804  1810  1819  1827
  1828  1832  1835  1836  1840  1852  1867  1868  1874  1876
  1878  1880  1884  1892  1897  1924  1928  1941  1942  1949
  1961  1970  1978  1988  1989  1993  1996  1998  2003  2007
  2033  2041  2042  2048  2075  2078  2104  2106  2106  2107
  2108  2111  2113  2126  2135  2141  2151  2156  2159  2164
  2168  2176  2177  2179  2188  2190  2192  2202  2209  2212
  2214  2224  2234  2234  2237  2238  2250  2255  2269  2278
  2281  2283  2299  2301  2317  2354  2358  2362  2382  2387
  2393  2394  2403  2413  2413  2429  2437  2443  2473  2473
  2476  2478  2482  2488  2494  2495  2500  2509  2527  2550
  2551  2553  2557  2561  2562  2563  2566  2569  2571  2572
  2597  2598  2600  2610  2617  2627  2636  2644  2645  2645
  2646  2647  2659  2678  2681  2712  2717  2756  2766  2773
  2777  2808  2831  2841  2844  2851  2852  2860  2882  2891
  2896  2902  2915  2938  2947  2959  2962  2969  2988  2989
  3011  3014  3030  3031  3044  3046  3075  3089  3091  3096
  3097  3102  3109  3112  3120  3122  3134  3140  3152  3153
  3189  3193  3213  3218  3223  3223  3227  3232  3243  3262
  3269  3270  3272  3273  3274  3277  3288  3290  3296  3313
  3313  3318  3318  3337  3338  3353  3366  3374  3386  3386
  3405  3407  3415  3428  3429  3433  3437  3442  3483  3512
  3516  3518  3524  3527  3568  3580  3583  3590  3598  3598
  3613  3624  3643  3649  3654  3656  3663  3675  3698  3700
  3703  3710  3730  3731  3737  3745  3765  3800  3811  3833
  3836  3838  3850  3858  3887  3890  3901  3918  3920  3935
  3948  3975  3981  3982  3991  3998  4003  4036  4041  4052
  4054  4062  4072  4081  4083  4087  4088  4088  4108  4111
  4111  4129  4142  4142  4142  4157  4178  4185  4203  4214
  4220  4225  4240  4248  4267  4284  4288  4301  4315  4319
  4320  4329  4341  4341  4342  4353  4354  4355  4364  4365
  4369  4372  4378  4391  4394  4395  4400  4404  4423  4442
  4448  4467  4477  4478  4490  4508  4510  4523  4524  4527
  4543  4544  4561  4572  4575  4578  4582  4582  4588  4595
  4597  4619  4631  4633  4635  4640  4649  4652  4656  4660
  4663  4677  4688  4691  4703  4710  4742  4750  4755  4769
  4770  4773  4773  4775  4780  4795  4797  4813  4822  4836
  4865  4867  4888  4944  4950  4972  4980  4983  4987  4996
  4999  5003  5011  5020  5028  5028  5073  5073  5085  5086
  5088  5092  5095  5098  5107  5116  5161  5183  5216  5233
  5242  5264  5303  5305  5329  5345  5380  5390  5399  5419
  5431  5482  5483  5492  5499  5525  5567  5580  5589  5592
  5594  5609  5614  5616  5629  5633  5647  5650  5665  5672
  5698  5702  5705  5714  5714  5718  5725  5732  5736  5737
  5754  5762  5769  5777  5781  5786  5814  5816  5829  5849
  5869  5880  5901  5921  5922  5955  5958  5959  5960  5972
  5983  6006  6008  6008  6009  6012  6040  6043  6069  6075
  6094  6098  6117  6118  6126  6127  6137  6140  6144  6152
  6159  6175  6179  6191  6194  6204  6216  6221  6234  6259
  6294  6304  6351  6352  6371  6388  6413  6435  6438  6447
  6451  6454  6455  6470  6486  6486  6506  6513  6526  6531
  6548  6550  6568  6568  6583  6592  6592  6600  6619  6649
  6655  6670  6689  6734  6745  6752  6765  6766  6780  6783
  6787  6792  6792  6798  6799  6813  6816  6822  6842  6863
  6869  6871  6871  6881  6890  6900  6902  6918  6918  6927
  6930  6941  6948  6949  6985  7006  7006  7019  7050  7057
  7072  7086  7102  7115  7157  7196  7207  7213  7220  7240
  7241  7246  7250  7273  7274  7279  7288  7305  7316  7322
  7324  7325  7334  7353  7358  7368  7377  7426  7444  7457
  7475  7494  7513  7519  7522  7527  7550  7554  7560  7565
  7579  7585  7607  7622  7625  7626  7627  7636  7639  7668
  7681  7724  7732  7734  7737  7738  7755  7763  7767  7780
  7783  7783  7790  7812  7816  7822  7826  7876  7883  7884
  7890  7890  7892  7898  7899  7899  7900  7920  7950  7976
  7991  8021  8024  8039  8041  8043  8044  8086  8093  8099
  8113  8114  8126  8127  8142  8168  8200  8217  8232  8254
  8256  8259  8270  8291  8312  8344  8348  8349  8350  8377
  8382  8401  8414  8424  8430  8437  8443  8448  8450  8459
  8470  8472  8475  8483  8488  8502  8504  8510  8531  8554
  8555  8557  8572  8575  8587  8600  8606  8609  8615  8636
  8637  8638  8644  8661  8669  8674  8676  8686  8686  8734
  8742  8744  8750  8805  8833  8837  8847  8856  8858  8870
  8876  8878  8882  8890  8893  8894  8899  8922  8957  8957
  8960  8961  8978  9025  9030  9031  9037  9042  9046  9047
  9061  9064  9064  9120  9130  9151  9152  9153  9165  9166
  9171  9186  9186  9188  9194  9200  9203  9215  9220  9234
  9237  9250  9261  9264  9282  9327  9329  9330  9333  9353
  9373  9386  9390  9393  9397  9442  9444  9457  9480  9506
  9506  9520  9523  9524  9539  9546  9549  9577  9597  9598
  9598  9601  9605  9611  9613  9629  9646  9671  9676  9694
  9694  9696  9707  9709  9737  9747  9747  9766  9773  9775
  9779  9806  9821  9826  9834  9838  9850  9854  9865  9876
  9879  9889  9904  9908  9909  9927  9937  9941  9947  9952
  9956  9961  9991  9999
Num statements: 80879
