*********Number of Statements for Various Sorting Algorithms*********

         N    Bubble Selection Insertion     Merge     Shell     Radix
         1         3         3         4         2        29       308
         2        16        15        13        33        38       348
         4        46        47        28       107        55       428
         8       189       151        91       279       142       588
        16       588       504       226       671       263       908
        32      2958      1808       997      1551       740      1548
        64     10801      6745      3274      3503      1945      2828
       128     45228     25841     13066      7791      4987      5388
       256    181050    100990     50797     17135     12492     10508
       512    722658    398952    199813     37359     28764     20748
      1024   2912657   1585179    808195     80879     67612     41228
